2091101400771 19840719
2091101400772 19870917
2091101400773 19761216
2091101400775 19970331
2091101400777 19721104
2091101400779 19770730
2091101400781 19930501
2091101400782 19751108
2091101400783 19771020
2091101400785 19850206
2091101400771 19840719
2091101400772 19870917
2091101400773 19761216
2091101400775 19970331
2091101400777 19721104
2091101400779 19770730
2091101400781 19930501
2091101400782 19751108
2091101400783 19771020
2091101400785 19850206
2091101400771 19840719
2091101400772 19870917
2091101400773 19761216
2091101400775 19970331
2091101400777 19721104
2091101400779 19770730
2091101400781 19930501
2091101400782 19751108
2091101400783 19771020
2091101400785 19850206
2091101400771 19840719
2091101400772 19870917
2091101400773 19761216
2091101400775 19970331
2091101400777 19721104
2091101400779 19770730
2091101400781 19930501
2091101400782 19751108
2091101400783 19771020
2091101400785 19850206
2091101400771 19840719
2091101400772 19870917
2091101400773 19761216
2091101400775 19970331
2091101400777 19721104
2091101400779 19770730
2091101400781 19930501
2091101400782 19751108
2091101400783 19771020
2091101400785 19850206
2091101400771 19840719
2091101400772 19870917
2091101400773 19761216
2091101400775 19970331
2091101400777 19721104
2091101400779 19770730
2091101400781 19930501
2091101400782 19751108
2091101400783 19771020
2091101400785 19850206
2091101400771 19840719
2091101400772 19870917
2091101400773 19761216
2091101400775 19970331
2091101400777 19721104
2091101400779 19770730
2091101400781 19930501
2091101400782 19751108
2091101400783 19771020
2091101400785 19850206
2091101400771 19840719
2091101400772 19870917
2091101400773 19761216
2091101400775 19970331
2091101400777 19721104
2091101400779 19770730
2091101400781 19930501
2091101400782 19751108
2091101400783 19771020
2091101400785 19850206
2091101400771 19840719
2091101400772 19870917
2091101400773 19761216
2091101400775 19970331
2091101400777 19721104
2091101400779 19770730
2091101400781 19930501
2091101400782 19751108
2091101400783 19771020
2091101400785 19850206
2091101400771 19840719
2091101400772 19870917
2091101400773 19761216
2091101400775 19970331
2091101400777 19721104
2091101400779 19770730
2091101400781 19930501
2091101400782 19751108
2091101400783 19771020
2091101400785 19850206
2091101400771 19840719
2091101400772 19870917
2091101400773 19761216
2091101400775 19970331
2091101400777 19721104
2091101400779 19770730
2091101400781 19930501
2091101400782 19751108
2091101400783 19771020
2091101400785 19850206
2091101400771 19840719
2091101400772 19870917
2091101400773 19761216
2091101400775 19970331
2091101400777 19721104
2091101400779 19770730
2091101400781 19930501
2091101400782 19751108
2091101400783 19771020
2091101400785 19850206
2091101400771 19840719
2091101400772 19870917
2091101400773 19761216
2091101400775 19970331
2091101400777 19721104
2091101400779 19770730
2091101400781 19930501
2091101400782 19751108
2091101400783 19771020
2091101400785 19850206
2091101400771 19840719
2091101400772 19870917
2091101400773 19761216
2091101400775 19970331
2091101400777 19721104
2091101400779 19770730
2091101400781 19930501
2091101400782 19751108
2091101400783 19771020
2091101400785 19850206
2091101400771 19840719
2091101400772 19870917
2091101400773 19761216
2091101400775 19970331
2091101400777 19721104
2091101400779 19770730
2091101400781 19930501
2091101400782 19751108
2091101400783 19771020
2091101400785 19850206
2091101400771 19840719
2091101400772 19870917
2091101400773 19761216
2091101400775 19970331
2091101400777 19721104
2091101400779 19770730
2091101400781 19930501
2091101400782 19751108
2091101400783 19771020
2091101400785 19850206
2091101400771 19840719
2091101400772 19870917
2091101400773 19761216
2091101400775 19970331
2091101400777 19721104
2091101400779 19770730
2091101400781 19930501
2091101400782 19751108
2091101400783 19771020
2091101400785 19850206
2091101400771 19840719
2091101400772 19870917
2091101400773 19761216
2091101400775 19970331
2091101400777 19721104
2091101400779 19770730
2091101400781 19930501
2091101400782 19751108
2091101400783 19771020
2091101400785 19850206
2091101400771 19840719
2091101400772 19870917
2091101400773 19761216
2091101400775 19970331
2091101400777 19721104
2091101400779 19770730
2091101400781 19930501
2091101400782 19751108
2091101400783 19771020
2091101400785 19850206
2091101400771 19840719
2091101400772 19870917
2091101400773 19761216
2091101400775 19970331
2091101400777 19721104
2091101400779 19770730
2091101400781 19930501
2091101400782 19751108
2091101400783 19771020
2091101400785 19850206
2091101400771 19840719
2091101400772 19870917
2091101400773 19761216
2091101400775 19970331
2091101400777 19721104
2091101400779 19770730
2091101400781 19930501
2091101400782 19751108
2091101400783 19771020
2091101400785 19850206
2091101400771 19840719
2091101400772 19870917
2091101400773 19761216
2091101400775 19970331
2091101400777 19721104
2091101400779 19770730
2091101400781 19930501
2091101400782 19751108
2091101400783 19771020
2091101400785 19850206
2091101400771 19840719
2091101400772 19870917
2091101400773 19761216
2091101400775 19970331
2091101400777 19721104
2091101400779 19770730
2091101400781 19930501
2091101400782 19751108
2091101400783 19771020
2091101400785 19850206
2091101400771 19840719
2091101400772 19870917
2091101400773 19761216
2091101400775 19970331
2091101400777 19721104
2091101400779 19770730
2091101400781 19930501
2091101400782 19751108
2091101400783 19771020
2091101400785 19850206